--texref_x_y_movable_amplitude_trap_goal
p1 0 644 0 0 0 0
p1 1181 638 0 0 0 0
p1 2832 644 0 0 0 0
p1 4000 644 0 0 0 0
p1 6930 644 0 0 0 0
p1 7498 641 0 0 0 0
p1 9344 455 0 0 0 0
p2 1934 708 0 0 0 0
p2 2125 708 0 0 0 0
p2 2297 708 0 0 0 0
p2 4736 708 0 0 0 0
p2 5084 708 0 0 0 0
p2 5445 708 0 0 0 0
p2 7310 708 0 0 0 0
p2 8720 708 0 0 0 0
p3 1600 641 0 0 0 0
p3 2414 836 0 0 0 0
p3 2488 646 0 0 0 0
p3 3217 676 0 0 0 0
p3 3523 606 0 0 0 0
p3 4419 647 0 0 0 0
p3 5664 830 0 0 0 0
p3 5985 830 0 0 0 0
p3 6306 830 0 0 0 0
p3 7837 830 0 0 0 0
p3 7879 545 0 0 0 0
p3 8411 833 0 0 0 0
p3 8979 830 0 0 0 0
p3 9300 830 0 0 0 0
p4 395 644 1 75.0 0 0
p4 594 580 1 0 0 0
p4 792 646 1 75.0 0 0
p4 956 574 1 0 0 0
p4 3833 606 1 75.0 0 0
p4 4912 698 1 75.0 0 0
p4 5273 698 1 -75.0 0 0
p4 6581 740 1 75.0 0 0
p4 6757 713 1 -75.0 0 0
p4 8117 836 1 0 0 0
p4 8264 836 1 0 0 0
p4 8861 670 1 75.0 0 0
p4 9043 612 1 0 0 0
p4 9197 555 1 -75.0 0 0
t1 1277 603 0 0 1 0
t1 2552 611 0 0 1 0
t1 2928 612 0 0 1 0
t1 3587 574 0 0 1 0
t1 4483 615 0 0 1 0
t1 6049 799 0 0 1 0
t1 7594 610 0 0 1 0
t1 7943 514 0 0 1 0
t1 8475 802 0 0 1 0
d1 9504 327 0 0 0 1
