--texref_x_y_layer_camerafollow
static 0 0 0 1
decor1 0 580 1 0
decor1 2469 644 1 0
decor1 5756 649 1 0
decor2 123 580 1 0
decor2 3659 679 1 0
decor2 7465 580 1 0
decor3 9360 391 1 0
decor4 2026 423 1 0
decor4 7106 487 1 0
decor4 8076 580 1 0
decor5 3314 455 1 0
decor5 3424 455 1 0
decor5 7197 487 1 0
decor5 8221 580 1 0
decor6 384 644 1 0
decor6 4430 583 1 0
decor6 4486 583 1 0
decor6 8498 647 1 0
decor7 1568 455 1 0
decor7 3392 772 1 0
decor7 6517 612 1 0
decor7 8568 647 1 0
decor7 8821 772 1 0
decor8 4014 580 1 0
fore1 0 0 3 0
fore1 4800 0 3 0
fore1 8000 0 3 0
fore1 11200 0 3 0
fore1 14400 0 3 0
fore1 16000 0 3 0
fore1 17600 0 3 0
fore2 1600 0 3 0
fore2 3200 0 3 0
fore2 6400 0 3 0
fore2 9600 0 3 0
fore2 12800 0 3 0
fore2 19200 0 3 0