--texref_x_y_movable_amplitude_trap_goal
p1 0 644 0 0 0 0
p1 1853 487 0 0 0 0  
p1 4000 644 0 0 0 0
p1 7445 644 0 0 0 0
p1 8053 644 0 0 0 0
p1 9344 455 0 0 0 0
p2 384 708 0 0 0 0
p2 2469 708 0 0 0 0
p2 5756 713 0 0 0 0
p2 5964 708 0 0 0 0
p3 608 644 0 0 0 0
p3 1516 519 0 0 0 0
p3 2693 836 0 0 0 0
p3 3307 519 0 0 0 0
p3 3328 836 0 0 0 0
p3 3619 743 0 0 0 0
p3 4419 647 0 0 0 0
p3 6155 745 0 0 0 0
p3 6453 676 0 0 0 0
p3 6752 612 0 0 0 0
p3 7089 551 0 0 0 0
p3 8472 711 0 0 0 0
p3 8704 836 0 0 0 0
p4 922 551 1 75.0 0 0 
p4 1111 615 1 -75.0 0 0
p4 1306 551 1 75.0 0 0
p4 2272 615 1 75.0 0 0
p4 2952 644 1 75.0 0 0
p4 3072 836 1 0 0 0
p4 3136 583 1 -75.0 0 0
p4 3867 676 1 75.0 0 0
p4 4768 760 1 75.0 0 0
p4 4960 760 1 -75.0 0 0
p4 5152 760 1 75.0 0 0
p4 5344 760 1 -75.0 0 0
p4 5532 760 1 75.0 0 0
p4 7845 681 1 75.0 0 0
p4 8774 644 1 0 0 0
p4 8947 612 1 75.0 0 0 
p4 9091 551 1 -75.0 0 0
p4 9215 487 1 75.0 0 0
t1 672 612 0 0 1 0
t1 1949 455 0 0 1 0
t1 2757 804 0 0 1 0
t1 4096 612 0 0 1 0
t1 6219 713 0 0 1 0
t1 6816 580 0 0 1 0
t1 7538 612 0 0 1 0
t1 8149 612 0 0 1 0
d1 9504 327 0 0 0 1