--texref_x_y_layer_camerafollow
static2 0 0 0 1
decor1 594 516 1 0
decor1 956 510 1 0
decor1 4128 580 1 0
decor1 5084 644 1 0
decor2 4033 580 1 0
decor2 6413 766 1 0
decor2 9304 766 1 0
decor3 6323 766 1 0
decor3 9364 391 1 0
decor4 1618 577 1 0
decor4 6956 580 1 0
decor4 7858 766 1 0
decor5 21 580 1 0
decor5 157 580 1 0
decor5 1709 577 1 0
decor5 5783 766 1 0
decor5 7095 580 1 0
decor5 7954 766 1 0
decor6 2125 644 1 0
decor6 3330 612 1 0
decor6 4736 644 1 0
decor6 5445 644 1 0
decor6 7310 644 1 0
decor6 9098 766 1 0
decor7 2434 772 1 0 
decor7 3239 612 1 0
decor7 9002 766 1 0
decor7 9421 766 1 0
decor8 5680 766 1 0
fore1 0 0 3 0
fore1 4800 0 3 0
fore1 8000 0 3 0
fore1 11200 0 3 0
fore1 14400 0 3 0
fore1 16000 0 3 0
fore1 17600 0 3 0
fore2 1600 0 3 0
fore2 3200 0 3 0
fore2 6400 0 3 0
fore2 9600 0 3 0
fore2 12800 0 3 0
fore2 19200 0 3 0